"","Comp.1","Comp.2","Comp.3","Comp.4","Comp.5","Comp.6","Comp.7"
"START.YEAR",0.115721815150798,0.0174310198842597,-0.00245794665572029,-0.0170006008762367,-0.00849970146199013,0.0316136597937516,0.0113520511210311
"START.QUARTER",-0.0092236422835108,-0.00243394227368093,0.313913474430827,0.151335655785192,0.147480605617678,-0.314614394623559,-0.133187144776067
"COMPLETION.YEAR",0.114834566304338,0.0219226099956942,0.0065843737575273,-0.00416606029729125,0.00930819807068227,0.00185725926791777,0.0189498390779813
"COMPLETION.QUARTER",0.00437700381405736,-0.0236220373597369,-0.0403440326884616,-0.0656828955554476,-0.0659010687945655,0.133871731550615,0.0511577986534443
"V.1",0.00658288698302796,-0.0059370649350849,0.0542580846673985,0.0145760562325196,0.362240530245075,0.237153410594439,-0.0886589551579972
"V.2",0.0145669692616286,0.0400897474239408,-0.0315615998364902,-0.0152174821595092,-0.378045210947616,-0.249482216978886,-0.0660159014090009
"V.3",0.0121984577769942,0.0323279785051654,-0.0240799622400123,-0.0248370426409745,-0.375920290627091,-0.242083966937679,-0.0775921340221495
"V.4",0.0734890074081234,0.0456393794824291,-0.0294407812331101,-0.0107666494018112,-0.34223491462357,-0.207919571298896,-0.0157432695279546
"V.5",0.10026540575045,0.0320946084775442,-0.0151622815504968,-0.00197259686869379,-0.165409822114513,-0.0812401458821045,0.0396547011189009
"V.6",-0.0149589597043546,0.0314627390813893,-0.0775052472885103,0.0482611344815441,-0.344459318148981,-0.149246837958281,0.121510711931945
"V.7",0.0119804914952183,0.0354765533659161,-0.064180496741227,0.0314657456391893,0.041535460117077,0.0383011825784728,0.188506138348722
"V.8",0.0933276157020341,0.019543601014312,-0.0264513981058835,0.02654922616619,-0.191596129601185,-0.103950667613209,0.0551395240208466
"V.11",0.0561665612393871,-0.227018089967761,-0.096222160304876,0.171121350366086,-0.0160679416235263,0.0499222777350182,-0.0412566728450742
"V.12",0.115671680880377,0.0126223065694988,0.0241371115301557,-0.0339336335174675,0.00955219995901381,-0.00563690751306158,-0.0157227681036278
"V.13",0.115848169760557,0.0142251281715078,0.0155454817401858,0.0066227758335592,0.00630830156945426,0.00250190898876358,-0.015822518566341
"V.14",0.0657791948927283,-0.200408972510113,-0.112610426206695,0.119859463381791,-0.0149734207671427,0.0252517370766608,-0.0418372738925541
"V.15",0.115707362694458,0.0119653055797507,0.0156108763758542,-0.0307342675236274,0.00709359393239394,0.00432843733685992,-0.000892167784268372
"V.16",0.112656833856623,-0.0654096353323859,0.0233077356559667,0.0331391707113911,0.00828020750033399,-0.0161640818018477,-0.00371174490146243
"V.17",0.115013825192471,-0.0291096024391394,0.0285653068355589,-0.0467698649335894,0.00218580613475123,0.00526209091065045,0.000610862916614708
"V.18",0.0665932110519468,0.0354688432384844,-0.310139173693884,-0.0454251872520491,0.137614950995272,-0.137938904093166,0.037610936589157
"V.19",0.107110825067133,0.0335279247899994,-0.131563548344244,-0.0193280842813447,0.0658121903175341,-0.0705549899803179,-0.0199915539236856
"V.20",-0.0623863956269486,0.206372717319115,-0.119202769939795,0.208643101174674,0.000370665150153547,0.0159755894974623,0.0730664404628524
"V.21",0.11439934600937,0.0148118263208105,0.0183013329042072,-0.02586789867287,0.00981868131083171,0.000702348130850482,-0.0143899786769966
"V.22",0.114317756467351,0.00512290673216059,0.0244339932270865,-0.0477675189121937,0.0128637846251834,-0.00952551826004605,-0.0259949878934259
"V.23",0.0986648543374795,0.0653619750185862,0.0731952739278615,-0.0855825539804511,0.00456574910061678,0.0394922322859882,0.0992503857323336
"V.24",0.100581946041183,0.0658263596942003,-0.0528921610168645,0.172052184323427,-0.00590218117567662,0.0328019508955106,-0.0559370600776655
"V.25",0.115935710051132,0.023460768823282,0.000619965950100956,0.0218829157407439,0.000686779166454196,0.0136736156307888,-0.0114761014329279
"V.26",0.116023524840726,0.0190694127795908,0.00285501516634184,0.0111840657908153,0.00427870157205447,0.00869788601255967,0.00237659265708863
"V.27",0.108206544083498,0.0840523646218732,0.00166336729431789,0.0368274309431274,0.0123656681238915,0.0275212603952807,0.0609423730269656
"V.28",0.0333461374746687,0.0280548100073409,-0.363922849310808,-0.126637415441573,0.16660408238956,-0.195631073788952,0.0626302971082207
"V.29",0.112636672480834,0.021767119595361,0.0171223249506906,-0.0622124500692582,0.000222127878464633,0.00658527169635607,-0.041431190753866
"V.11.1",0.0567752676305527,-0.276561998865626,-0.00882398769066137,0.155265791752521,-0.00931358457163359,-0.0043386224995314,-0.0757668903389187
"V.12.1",0.115778883802052,0.0143841356103021,0.0159587705433011,-0.031326622223401,0.0100043138017888,-0.00639134322046268,-0.0162728694941059
"V.13.1",0.115785576814175,0.0185818557703754,-0.000611865925988234,0.0128903928882978,0.0110745795653118,-0.00637598149021289,-0.0121916132393418
"V.14.1",0.0639173816927283,-0.24898336048596,-0.00420170795797758,0.146351877496412,-0.023055815855385,0.00608122773244262,-0.141128505158687
"V.15.1",0.115719247785801,0.0101107059387913,0.024701371565259,-0.0293699880767513,0.00438249142036296,0.00637892274807696,-0.00995986333335452
"V.16.1",0.112681915482144,-0.0626381671864471,-0.0152596662068518,0.00561294082519496,0.0170411206095527,-0.0139287147268848,0.0208895365091283
"V.17.1",0.115220313952487,-0.0191230361653644,0.0238069916182868,-0.0464214927880929,0.0055252647292959,-0.00293745271348388,0.013529284185633
"V.18.1",0.0664393136045879,0.0208834520422586,-0.0748966191774104,-0.0329402654851375,-0.165806007763499,0.308137736002362,-0.314775399349457
"V.19.1",0.107483570114703,0.01094136986601,-0.0276208285858182,-0.0162193535932604,-0.0670969091700536,0.129754172867006,-0.17614677591546
"V.20.1",-0.0527642702442017,0.218587798258881,-0.0972081939054147,0.263262059219811,-0.0207192362848433,0.0744477463867029,0.0033297347975927
"V.21.1",0.114384901570744,0.0156041843923218,0.0143017710251771,-0.0265805422725146,0.00713477878839118,0.00354759710259796,-0.0309209392367232
"V.22.1",0.114365049903727,0.00492424732197424,0.0161440776853716,-0.0478806364899926,0.0081741609551616,-0.00371296651317874,-0.0108698575502101
"V.23.1",0.0985230839479568,0.0947046736740573,0.0645787678747856,-0.124639237356219,0.0272631238069602,0.00393167788690978,0.114869562028647
"V.24.1",0.101203757402911,0.055332324721268,-0.0592047252652328,0.179574308136252,-0.000362977400495347,0.0281679954361404,-0.0457467946589606
"V.25.1",0.115847313345818,0.0248233731805996,0.00271466909862661,0.0301633635050951,0.00445228462176333,0.00859080664890303,-0.0055724342561325
"V.26.1",0.115893154115525,0.0212448790231482,0.00510349415479055,0.0126840183112232,0.00168230330252414,0.0132510657925139,0.00319195629579695
"V.27.1",0.108708469108803,0.0856591961244329,-0.00462594646575956,0.0290948269776987,0.0178117835725596,0.0186529036721599,0.0593746870953151
"V.28.1",0.0258835858529566,-9.54718245224137e-05,-0.0806706202266358,-0.115013782655409,-0.221053371085178,0.367259122086128,-0.367979098304322
"V.29.1",0.113002208159055,0.0211900195877771,0.0329818101699508,-0.0326955279288522,0.00775892565949341,-0.00209031537789003,-0.0383457588278723
"V.11.2",0.0542792566301985,-0.295191868739995,-0.0763324634842136,0.10901946376583,0.0328249030258999,-0.045326393090203,0.0542564288742266
"V.12.2",0.115813339190142,0.015172779128742,0.0152117656291056,-0.0262001918683244,0.00554448447756275,0.000296700193715915,-0.0201376996707507
"V.13.2",0.115492032006637,0.0218458927365528,-0.0106545323170029,0.0216507693024252,0.00415686368682765,0.00318996207467669,-0.0242407698975068
"V.14.2",0.0655970795157875,-0.272069333337867,-0.0745428483504215,0.0855656973010043,0.028062544831998,-0.0529110189668855,0.0796781895179093
"V.15.2",0.115823272909097,0.00965606325695723,0.021266230586429,-0.0296658260348173,0.00774265174907949,0.00170512591355109,0.00255180653387063
"V.16.2",0.112617554358058,-0.0403386024168926,-0.0014693508910636,0.00457931671403609,0.000732742634091295,0.0159872173101656,0.0131402302780093
"V.17.2",0.115249815589675,-0.00917003841800961,0.022964934139923,-0.0438662958368669,0.00396710862930594,-0.00466314928137945,0.0111046559625415
"V.18.2",0.0689224561320406,0.00869227234093259,0.132388596931768,0.136191171345923,-0.0786956740268248,0.168124315912513,0.319014306741231
"V.19.2",0.108792875718101,-0.00362737420328615,0.0603448070124837,0.055896176448751,-0.0324352706486435,0.0701903529433047,0.0999989166184491
"V.20.2",-0.0461481231078424,0.220013702520759,-0.0799506117113136,0.299079086566225,-0.00965469682065001,0.0475460625591588,0.0428903413666597
"V.21.2",0.114142820245173,0.0142077241850066,0.0157125901200224,-0.0140869431077544,0.00593405744767834,0.00196198815586295,0.000251211087853647
"V.22.2",0.114552395427213,0.0153464119711717,0.0290508491856749,-0.0362850129384263,0.00981791267786567,-0.00641694485193645,-0.0124704636950482
"V.23.2",0.0983783203757424,0.10954656285372,0.0618403888395608,-0.144535768340109,0.0202439862545319,0.013142393468916,0.0747333550728077
"V.24.2",0.101364426012578,0.045373612687527,-0.0654543270485914,0.185256035289262,0.00560698587095896,0.0263324627370492,-0.0593189651272184
"V.25.2",0.115739090772426,0.0268620350159505,-0.00293756284133721,0.033935098687906,0.00872029073094769,0.00421614180244408,-0.010877084295195
"V.26.2",0.115712294712117,0.0246767272201662,0.00789813897686532,0.0158389666869823,0.00213713992713026,0.012061983716909,0.00622774288717305
"V.27.2",0.109101245683355,0.0835339385102971,2.3350471148452e-05,0.0177882135496452,0.0142407683008666,0.0207884258343931,0.0457166713029338
"V.28.2",0.0252186520997156,-0.0204992839638354,0.196552099388158,0.112704847661499,-0.123644918794218,0.193474452637532,0.489913361893848
"V.29.2",0.11308722243557,0.0190341209485487,0.0184046185438866,-0.0187966856353374,0.0227557833291903,-0.0228184923018918,-0.0536602549436896
"V.11.3",0.057804569563272,-0.275103742616977,-0.0355981430572912,0.0631684739077437,-0.0406788115819709,0.0288820378011033,-0.00969991144037883
"V.12.3",0.115818136256053,0.0168751305675015,0.0168906307374466,-0.0164060365192526,0.00399472765992717,0.000833046566520459,-0.0143767759079491
"V.13.3",0.115002623440858,0.0264549362011296,-0.0131892010315217,0.0366166650188524,0.00050689364584066,0.0093224384140216,-0.0125341765451173
"V.14.3",0.0596303408741928,-0.277361813357008,-0.0186880003084369,0.0803157274595605,-0.0108189187340817,-0.00437281932779447,-0.0369614523352487
"V.15.3",0.115844817171944,0.00971228020773852,0.0229468887210521,-0.0299962907899334,0.00707852001096973,0.000954991837948872,-0.0126880719207063
"V.16.3",0.112311144046596,-0.0242494072645917,0.00849671873364304,0.0130194922368214,-0.00871292093010216,0.0241296955766342,0.0682428244201638
"V.17.3",0.115245199224956,0.00331390880623653,0.0175938369096465,-0.0419135417738105,0.00301399962174488,-0.00254784551451523,0.0232724811213357
"V.18.3",0.0627847827161974,0.0161247779870493,0.23956768708523,0.173542088816515,0.118647337039708,-0.216235479247792,-0.127758685812019
"V.19.3",0.106690537691368,-0.00758439898974934,0.114983320754827,0.074831932065295,0.0478623470144449,-0.0944753293673121,-0.0819558955953853
"V.20.3",-0.0383449209246341,0.21610119649309,-0.0807410958643198,0.316843150833938,0.00856151983397501,0.0124867298743108,-0.0108068896929801
"V.21.3",0.114072858091985,0.0124590358170413,0.0219335276813731,-0.0158284457475797,-0.00352151137271002,-0.00703454253128458,-0.0259378054690299
"V.22.3",0.11439416904928,0.0151607729866757,0.0183923040044142,-0.0228826741154362,0.0109753038949776,-0.0167844235108583,-0.00991599180015965
"V.23.3",0.0984145270511756,0.112745802990724,0.0632420808237369,-0.146774377366204,0.015577218152724,0.0188570975363781,0.0800396682988898
"V.24.3",0.101860379930129,0.0338628104045648,-0.074952369985538,0.185858713768145,-0.00786831698672212,0.0307158591921217,-0.0380350241167531
"V.25.3",0.115646119228819,0.0274827659735058,-0.0106303737266487,0.0351577322902356,0.00399645703498198,0.0107163425774122,-0.00958774395857332
"V.26.3",0.115570443814436,0.0269964668009248,0.00681336326356408,0.017142625671718,0.00273307110625911,0.00968675794595012,0.00393386780815249
"V.27.3",0.109430330438424,0.0821139682035162,0.00758268119325186,0.0121119501389501,0.00960025107704334,0.016707718832328,0.0551737125140754
"V.28.3",0.0158478457196171,0.00108689711820776,0.314646772476144,0.149350812682067,0.146254548131101,-0.309133733053048,-0.13094753447506
"V.29.3",0.113085962561754,0.0103110208202947,-0.00712494593562819,-0.0207706670154637,0.0144189780212924,-0.0121291328690177,-0.0619288713128996
"V.11.4",0.0575954308947856,-0.221375770585745,-0.04269161335316,0.050984978960993,-0.0448460719031275,0.0317978244243281,0.197613266764856
"V.12.4",0.115766967121808,0.0177575296411432,0.0171322523062928,-0.00895681299003133,0.00608726968822593,-0.00342648046888024,-0.0195256220797129
"V.13.4",0.114197008850882,0.0305051566355559,-0.00948058899726663,0.0545482902793094,0.0038366774914905,0.000454223824748898,-0.0163965225493948
"V.14.4",0.0549573630556518,-0.235201996614771,-0.0816779004726532,0.0413988229724071,-0.0267368029312759,0.0106537420663469,0.235235709539889
"V.15.4",0.115914158018137,0.0107876893862321,0.0155467899392863,-0.0317557808733689,0.00635670781107262,0.00422107940570626,-0.00183112337049464
"V.16.4",0.111306161915891,-0.00377425709734455,0.0244479602792144,0.0157610373256427,0.00798289669158518,-0.00793354195007885,0.0591501509021
"V.17.4",0.115221732320879,0.0186702749258205,0.0225205628004987,-0.0329903898781248,0.00285727624361908,-0.000193090862166984,0.0193938203514907
"V.18.4",0.0734623299955688,0.0292913470413192,-0.291840201307533,-0.0438920050590524,0.134576604436203,-0.122690891968632,0.0316765335911107
"V.19.4",0.108867371042597,-0.011423714343284,-0.123056048630705,-0.0260097502191152,0.0651159582966132,-0.0617272330199951,-0.00845088336399534
"V.20.4",-0.015543244809591,0.164235589986569,-0.15649885444751,0.312244303486158,0.0261155644684515,0.034165465916772,-0.0427178320438905
"V.21.4",0.113668321374017,0.0081247607373298,0.0142274795250321,-0.0159740767572832,0.0115465255999822,-0.0012819468997469,-0.0121682880285086
"V.22.4",0.114488165125557,0.0259204352927525,0.00661100908486433,-0.021049246933726,0.0098148314594178,-0.0098881447361655,-0.0278923192757601
"V.23.4",0.097963024678448,0.118652409413713,0.0787425825557553,-0.14381013764521,0.0131575959854252,0.00884813491054545,0.0598997791977962
"V.24.4",0.102589458186421,0.0223328808272723,-0.060603261020452,0.189659892398044,-0.00965871789908901,0.0361950431739163,-0.0358769424964815
"V.25.4",0.115563850437457,0.0247912521755622,-0.00524822504392075,0.0393875172773515,-9.33199897790726e-05,0.0168629161933471,-0.0074751117757518
"V.26.4",0.115529457520152,0.0268804951410626,0.00372810979454589,0.0148300459642275,0.00196186912625307,0.0118080441934819,0.00101717766094005
"V.27.4",0.109661648173341,0.0761299224466771,0.020464507057538,0.00236634185728433,0.00960194645838145,0.0111700692801875,0.0434822607561171
"V.28.4",0.0336371184691134,0.0285247900521394,-0.363479758392985,-0.126737366857516,0.166480784757573,-0.195495641752263,0.0630281910143587
"V.29.4",0.113461052546992,-0.000401364159021554,-0.000247701673185559,-0.00647761935006272,-0.00214362273784586,0.00683942267433724,-0.0483110034663454
